l1 = 1.2;  l2 = 0.8;  l3 = -1;  l4 = 1;  
v1 = { 0.707107; 0.707107; 0; 0; }
v2 = { -0.707107; 0.707107; 0; 0; }
v3 = { 0; 0; 0.707107; -0.707107; }
v4 = { 0; 0; 0.707107; 0.707107; }
