l1 = 6.89511;  l2 = 3.39729;  l3 = 1.7076;  
v1 = { 0.752575; 0.431704; 0.497254; }
v2 = { -0.458127; 0.88567; -0.0755587; }
v3 = { -0.473022; -0.170942; 0.864308; }
